losses: [0.09462826177477837, 0.0946250177298983, 0.09462742786854506, 0.09462281508992115, 0.09462200912336509, 0.09461806248873472, 0.09461749792098999, 0.09461309934655825, 0.09461275357753038] 
precisions: [0.7863829787234042, 0.7821276595744681, 0.7821276595744681, 0.7812765957446809, 0.7821276595744681, 0.7812765957446809, 0.7821276595744681, 0.7812765957446809, 0.7821276595744681] 
recalls: [0.24283837056504598, 0.2479093606690046, 0.24797625472207233, 0.24938875305623473, 0.24764214497440043, 0.24945652173913044, 0.24757543103448276, 0.24952432726284315, 0.24737550471063258] 
f1 scores: [0.3710843373493976, 0.37648504711183944, 0.3765621798811719, 0.3780889621087315, 0.37617683176422434, 0.37816683831101955, 0.3760998567628402, 0.3782447466007416, 0.37586912065439676] 
accuracies: [tensor(0.8936), tensor(0.8966), tensor(0.8966), tensor(0.8974), tensor(0.8965), tensor(0.8975), tensor(0.8964), tensor(0.8975), tensor(0.8963)] 
