losses: [0.011058783996850252, 0.010581581170360248, 0.010157201625406741, 0.009806633461266756, 0.00951043733706077, 0.009257810718069474, 0.00904250293970108, 0.008856751226509611, 0.008695403983195623, 0.008550565581147869, 0.008413354633376002, 0.008279450656846165, 0.008156304030368726, 0.008060840998465817, 0.008001403541614611, 0.007970909013723333, 0.007959731590623657, 0.007956184741730491, 0.007953492101902764, 0.007950710598379374, 0.007947629659126203, 0.007944561339293917, 0.007941585732623935, 0.007938480641071995, 0.007935411995276809, 0.007932313081497947, 0.007929161237552763, 0.007925776314611237, 0.007922232119987408, 0.007918744099636872] 
precisions: [0.12648221343873517, 0.21541501976284586, 0.25889328063241107, 0.2509881422924901, 0.30434782608695654, 0.2727272727272727, 0.24110671936758893, 0.1383399209486166, 0.116600790513834, 0.13438735177865613, 0.1956521739130435, 0.25889328063241107, 0.2865612648221344, 0.3102766798418972, 0.3300395256916996, 0.3359683794466403, 0.3221343873517787, 0.3142292490118577, 0.308300395256917, 0.30632411067193677, 0.30434782608695654, 0.30434782608695654, 0.30434782608695654, 0.30237154150197626, 0.2984189723320158, 0.2964426877470356, 0.29051383399209485, 0.29051383399209485, 0.2885375494071146, 0.2865612648221344] 
recalls: [1.0, 0.9819819819819819, 0.9703703703703703, 0.9621212121212122, 0.9447852760736196, 0.9452054794520548, 0.9384615384615385, 0.9722222222222222, 0.9672131147540983, 0.9714285714285714, 0.9611650485436893, 0.9424460431654677, 0.9354838709677419, 0.9289940828402367, 0.9226519337016574, 0.9239130434782609, 0.9421965317919075, 0.9408284023668639, 0.9512195121951219, 0.950920245398773, 0.9506172839506173, 0.9506172839506173, 0.9506172839506173, 0.9503105590062112, 0.9556962025316456, 0.9615384615384616, 0.9607843137254902, 0.9671052631578947, 0.9798657718120806, 0.9797297297297297] 
f1 scores: [0.22456140350877193, 0.35332252836304695, 0.40873634945397813, 0.3981191222570533, 0.46038863976083705, 0.42331288343558277, 0.3836477987421384, 0.24221453287197228, 0.20811287477954143, 0.2361111111111111, 0.3251231527093596, 0.40620155038759687, 0.43872919818456885, 0.46518518518518515, 0.48617176128093154, 0.4927536231884058, 0.48011782032400596, 0.4711111111111111, 0.4656716417910448, 0.46337817638266066, 0.4610778443113773, 0.4610778443113773, 0.4610778443113773, 0.4587706146926536, 0.45481927710843373, 0.45317220543806647, 0.4461305007587253, 0.44680851063829785, 0.44580152671755724, 0.44342507645259943] 
accuracies: [tensor([0.3094]), tensor([0.3766]), tensor([0.4078]), tensor([0.4000]), tensor([0.4359]), tensor([0.4125]), tensor([0.3875]), tensor([0.3156]), tensor([0.2984]), tensor([0.3125]), tensor([0.3578]), tensor([0.4016]), tensor([0.4203]), tensor([0.4359]), tensor([0.4484]), tensor([0.4531]), tensor([0.4484]), tensor([0.4422]), tensor([0.4406]), tensor([0.4391]), tensor([0.4375]), tensor([0.4375]), tensor([0.4375]), tensor([0.4359]), tensor([0.4344]), tensor([0.4344]), tensor([0.4297]), tensor([0.4313]), tensor([0.4328]), tensor([0.4313])] 
