losses: [0.010009087746342023, 0.009675264358520508, 0.00939668423185746, 0.009164644467333952, 0.008971048410361011, 0.00881068113570412] 
precisions: [0.1442687747035573, 0.2608695652173913, 0.49209486166007904, 0.5632411067193676, 0.5810276679841897, 0.5731225296442688] 
recalls: [0.5887096774193549, 0.7542857142857143, 0.8412162162162162, 0.8558558558558559, 0.8828828828828829, 0.9177215189873418] 
f1 scores: [0.23174603174603176, 0.3876651982378855, 0.6209476309226932, 0.6793802145411204, 0.7008343265792609, 0.7055961070559612] 
accuracies: [tensor([0.2438]), tensor([0.3484]), tensor([0.5250]), tensor([0.5797]), tensor([0.6078]), tensor([0.6219])] 
